0 0.038167095004004004 0.5771905097255213 0.0021885472223466262 0.003979176767902999
0 0.1071063325079227 0.5630644321994659 0.0011937530303708676 0.0011937530303708145
0 0.18101954097172013 0.5419747953295802 0.0013927118687660212 0.0019895883839514284
0 0.20169151786480988 0.5416063116770559 0.001717655803943714 0.0018607937876057433
0 0.26802334979983233 0.5424460105634289 0.006868366718727579 0.00594020905403454
0 0.3328280964398317 0.5802922005896615 0.0011651825411773586 0.006991095247064081
0 0.4126413701854352 0.6509847480324953 0.004155502217376039 0.00664880354780152
0 0.6957480657161181 0.5742690926815699 0.003074818411561324 0.006511380165659375
0 0.7247779689546828 0.5697473008998619 0.0025322033977563762 0.0032556900828296874
0 0.8568791572384862 0.5597490130675119 0.0032556900828296874 0.0025322033977564474
0 0.8261309731228724 0.5621003447940001 0.006511380165659375 0.007234866850732686
