0 0.2552367828823946 0.576849049939954 0.003409063994181132 0.005681773323635184
0 0.23506648758348958 0.595409509463829 0.003977241326544636 0.007196912876604528
0 0.3862007146907445 0.525303569043254 0.0013276179254468445 0.0022931582348628154
0 0.4022829954694528 0.5250621839659 0.0012672716561083774 0.0020517731575087337
0 0.4641982678107462 0.529346769088933 0.002715582120232156 0.0009655403094157577
0 0.4741855753862667 0.5309157720917338 0.0009655403094158999 0.0019310806188317998
0 0.4992292771617411 0.5516748887441753 0.0013276179254468445 0.00217246569618581
0 0.5182685251380356 0.565735569500044 0.0018707343494932616 0.002534543312216826
0 0.6176286576038634 0.6181161312858555 0.00024138507735401048 0.0013276179254467736
0 0.6407412787605061 0.6711001557650519 0.0018103880801547234 0.004224238853694402
