0 0.058573878831513305 0.5530940414312101 0.0013601713599960786 0.0029923769919913924
0 0.2453153512276662 0.5441693818907245 0.0018959964412066555 0.0025554734642351208
0 0.2666247025342714 0.5464363341573846 0.0026379080921136123 0.003132515859384881
0 0.3219234827056432 0.6067466916146703 0.001811006227509289 0.005691733857886448
0 0.3617455783916018 0.6672968982389168 0.006554114921257365 0.01613320596001799
0 0.15009104502606138 0.5455129094773441 0.0019914268881702844 0.0035000836216325837
0 0.71747771758408 0.5821345170985563 0.003421027112178052 0.006628240029845287
0 0.767563692648314 0.5642810318568762 0.0024588632368781303 0.0034210271121781943
0 0.8806714015447062 0.55091764469993 0.0013897922643224092 0.005772983251800668
0 0.9077723506989929 0.553376507936808 0.0008552567780445486 0.005986797446311911
